cs001	1	150.34	217.98	-0.05	-0.28	-41.72	-60.49
cs002	1	156.24	158.16	0.37	0.13	19.69	19.93
cs004	1	-37.04	25.23	1.30	-0.55	20.31	-13.84
cs005	1	212.66	192.52	4.10	-0.14	-30.02	-27.18
cs006	1	-139.47	-393.11	2.67	0.09	-12.01	-33.86
cs007	1	-71.33	-99.16	-0.01	0.50	-35.65	-49.56
cs008	1	-192.97	272.43	1.09	0.04	-8.53	12.04
cs009	1	272.92	184.87	-2.22	-0.08	-21.67	-14.68
cs010	1	-130.46	27.02	0.03	-0.11	14.56	-3.02
cs011	1	139.69	111.42	-0.71	-0.12	-16.86	-13.45
cs012	1	-69.60	-51.80	-1.73	-0.32	22.39	16.67
cs013	1	51.67	301.03	1.81	1.04	53.63	312.47
cs014	1	-242.81	3.94	-2.63	-0.02	5.22	-0.08
cs015	1	93.72	-73.11	-0.73	-0.04	-3.85	3.00
cs017	1	68.25	-377.08	2.49	0.12	8.16	-45.09
cs018	1	96.66	196.87	-2.88	-0.78	-75.36	-153.49
cs019	1	-185.20	-349.50	-0.09	-0.09	16.10	30.38
cs020	1	-187.84	34.84	-1.11	-0.06	11.07	-2.05
cs021	1	296.20	217.27	1.27	0.37	108.26	79.41
cs022	1	-58.90	-298.31	2.76	0.52	-30.73	-155.64
cs026	1	274.01	-106.77	-1.48	-0.08	-20.97	8.17
cs027	1	-137.53	78.42	0.72	-0.20	27.15	-15.48
cs028	1	101.84	-88.51	0.34	1.06	107.71	-93.61
cs030	1	62.06	-20.60	-2.46	0.00	0.26	-0.09
cs032	1	-238.15	108.02	-2.39	-0.66	156.47	-70.97
cs033	1	131.30	56.82	-0.09	-0.31	-41.28	-17.86
cs034	1	272.88	288.65	-0.53	0.22	59.23	62.65
cs035	1	31.24	356.14	1.15	-0.62	-19.51	-222.37
cs037	1	-263.61	-106.70	-0.62	0.34	-90.19	-36.51
cs038	1	-57.13	-237.38	0.57	0.60	-34.21	-142.17
cs039	1	-37.42	-15.86	0.61	-0.23	8.63	3.66
cs040	1	-199.84	196.59	-2.59	-0.67	134.63	-132.45
cs041	1	116.35	432.49	0.64	-0.37	-42.60	-158.37
cs042	1	-254.05	-473.04	0.86	-0.75	190.21	354.17
cs043	1	-12.94	68.80	3.08	0.39	-5.01	26.63
cs044	1	-163.68	51.62	0.21	-0.30	49.27	-15.54
cs045	1	497.23	-76.69	-2.32	-0.14	-71.99	11.10
cs046	1	25.24	-256.46	4.20	0.73	18.36	-186.48
cs048	1	220.94	-67.26	-3.13	0.43	93.92	-28.59
cs049	1	-256.38	142.21	-1.01	-0.64	163.70	-90.80
cs051	1	26.19	1.48	0.62	-0.25	-6.60	-0.37
cs052	1	20.38	-175.43	-0.16	0.23	4.67	-40.23
cs053	1	-128.47	-56.37	-2.57	-0.33	42.40	18.60
cs054	1	-60.85	-225.99	2.76	0.85	-51.77	-192.26
cs055	1	327.71	-35.94	0.85	-0.42	-136.54	14.97
cs056	1	-186.83	129.85	2.29	-0.24	44.74	-31.09
cs057	1	-10.94	53.53	-2.10	-0.39	4.22	-20.65
cs058	1	9.43	44.43	1.07	1.16	10.98	51.75
cs059	1	-167.96	-408.01	2.92	0.59	-99.33	-241.29
cs060	1	-61.03	14.53	3.39	-0.02	1.36	-0.32
cs061	1	-210.73	218.28	0.84	0.47	-99.16	102.71
cs062	1	-12.51	-48.16	-1.10	0.16	-1.95	-7.49
cs063	1	-87.25	36.35	-0.49	-0.20	17.59	-7.33
cs064	1	-105.18	29.60	-0.16	-0.08	7.97	-2.24
cs065	1	245.02	-295.39	0.01	0.38	94.02	-113.35
cs066	1	196.28	-274.22	0.84	-0.02	-4.01	5.60
cs068	1	498.89	279.35	-0.34	-0.73	-363.61	-203.60
cs069	1	-170.44	230.91	-0.54	0.01	-1.54	2.09
cs071	1	204.88	-290.70	0.29	-0.21	-42.43	60.21
cs072	1	-170.66	-470.74	3.00	0.17	-28.77	-79.36
cs073	1	44.09	15.99	-2.02	-0.14	-6.32	-2.29
cs075	1	90.43	57.97	-1.27	-0.42	-38.30	-24.55
cs076	1	-109.55	-142.23	-0.89	0.12	-13.40	-17.39
cs077	1	298.93	133.50	-1.97	-0.06	-19.42	-8.67
cs078	1	99.96	184.24	-3.85	-0.67	-66.91	-123.32
cs079	1	197.21	18.63	0.07	0.62	122.90	11.61
cs080	1	-84.78	-46.99	1.80	0.08	-6.63	-3.67
cs081	1	3.37	-550.44	-0.24	-0.71	-2.39	389.57
cs082	1	-107.86	-219.55	0.86	0.13	-14.15	-28.79
cs083	1	-98.42	285.93	3.00	0.38	-36.91	107.23
cs084	1	145.80	-120.38	-2.18	0.26	38.34	-31.66
cs085	1	261.42	90.78	3.31	1.52	397.11	137.91
cs087	1	26.47	-120.90	0.13	0.00	-0.01	0.04
cs088	1	-12.06	110.29	-0.71	-0.14	1.65	-15.10
cs089	1	79.35	-69.82	-1.70	-0.37	-29.38	25.85
cs090	1	-62.93	27.32	3.56	0.05	-3.09	1.34
cs092	1	98.42	153.04	2.89	-0.10	-10.32	-16.04
cs093	1	-269.54	211.26	3.20	0.45	-121.95	95.58
cs094	1	-6.28	116.04	1.58	0.05	-0.28	5.24
cs095	1	-74.44	-92.98	1.27	-0.06	4.68	5.85
cs096	1	25.03	-185.04	1.72	0.20	4.97	-36.77
cs097	1	-436.11	96.72	-1.58	-0.63	274.23	-60.82
cs098	1	323.71	-177.30	0.26	1.03	333.10	-182.45
cs099	1	-136.92	179.22	3.95	1.02	-139.66	182.81
cs100	1	-153.82	-216.10	0.04	0.00	0.73	1.02
cs101	1	-149.17	-119.44	0.47	0.24	-36.23	-29.01
cs102	1	-78.14	304.84	0.15	-0.36	28.50	-111.20
cs103	1	-70.35	182.95	-2.07	0.05	-3.42	8.88
cs104	1	188.83	190.92	0.86	0.32	60.62	61.29
cs105	1	265.90	276.64	1.08	0.71	187.71	195.29
cs106	1	-331.68	164.43	0.34	0.61	-203.29	100.78
cs107	1	165.12	159.03	-1.74	0.07	11.90	11.46
cs108	1	-70.16	9.71	-1.48	-0.21	14.50	-2.01
cs109	1	-127.23	-81.63	-2.71	-0.38	48.64	31.21
cs110	1	-158.72	-202.41	-1.46	-0.32	50.59	64.52
cs111	1	-200.02	-183.48	-5.83	-2.33	466.30	427.73
cs112	1	2.36	-488.67	0.41	2.36	5.56	-1153.55
cs113	1	36.95	118.85	2.65	-0.17	-6.45	-20.73
cs114	1	-28.60	133.30	-1.72	3.32	-95.00	442.73
cs115	1	453.31	-86.57	-2.11	0.05	20.41	-3.90
cs116	1	-253.05	-250.81	-0.01	-0.44	111.34	110.36
cs117	1	85.72	-99.52	-1.99	-0.29	-24.56	28.51
cs118	1	-206.26	-81.94	0.80	-0.33	67.54	26.83
cs119	1	291.16	146.35	-0.58	-0.34	-99.27	-49.90
cs120	1	232.52	-46.25	0.86	0.62	145.12	-28.86
cs121	1	-166.45	257.09	1.47	0.80	-132.36	204.43
cs122	1	-9.39	-30.42	-0.96	-0.24	2.24	7.25
cs123	1	60.49	-57.91	-0.91	-0.60	-36.11	34.57
cs124	1	-327.53	283.22	-1.93	-0.10	32.11	-27.76
cs125	1	61.72	302.52	-0.59	-2.88	-177.57	-870.42
cs126	1	-223.22	-215.06	-0.26	-0.36	80.87	77.91
cs127	1	40.19	4.07	-1.24	0.42	16.69	1.69
cs128	1	200.50	-36.39	-0.45	0.26	52.27	-9.49
cs130	1	295.78	-86.07	-1.60	-0.20	-59.88	17.42
cs131	1	-106.65	-152.34	-3.14	-0.78	83.25	118.93
cs132	1	-214.20	107.73	0.56	0.00	0.52	-0.26
cs133	1	-52.04	-284.65	-1.68	-0.37	19.30	105.55
cs136	1	167.23	232.26	3.02	-0.06	-10.86	-15.08
cs137	1	-269.03	-21.19	-0.03	-0.33	89.02	7.01
cs138	1	-134.14	60.25	1.80	-0.70	94.05	-42.25
cs139	1	48.92	302.71	0.81	0.08	3.97	24.58
cs142	1	292.68	-24.43	-2.29	0.03	8.29	-0.69
cs143	1	-65.89	42.38	1.57	-0.09	6.01	-3.86
cs144	1	-88.72	101.44	-2.31	-0.32	28.76	-32.89
cs145	1	-118.54	194.47	-3.12	-0.42	50.28	-82.49
cs146	1	216.50	245.49	0.84	0.03	7.14	8.10
cs147	1	239.36	95.34	0.44	0.01	3.33	1.33
cs150	1	-318.59	-4.70	1.61	0.57	-180.84	-2.67
cs151	1	70.46	-274.38	-2.15	-0.41	-29.12	113.41
cs152	1	-212.95	8.84	-1.45	-0.04	7.85	-0.33
cs153	1	-76.40	59.62	1.72	0.09	-6.97	5.44
cs154	1	9.14	-284.52	0.24	-0.34	-3.06	95.42
