cs001	1	150.34	-0.053	-0.28	-41.718
cs002	1	156.24	0.369	0.13	19.686
cs004	1	-37.04	1.300	-0.55	20.311
cs005	1	212.66	4.098	-0.14	-30.019
cs006	1	-139.47	2.672	0.09	-12.015
cs007	1	-71.33	-0.011	0.50	-35.648
cs008	1	-192.97	1.087	0.04	-8.531
cs009	1	272.92	-2.221	-0.08	-21.669
cs010	1	-130.46	0.032	-0.11	14.562
cs011	1	139.69	-0.709	-0.12	-16.862
cs012	1	-69.60	-1.734	-0.32	22.393
cs013	1	51.67	1.812	1.04	53.631
cs014	1	-242.81	-2.625	-0.02	5.221
cs015	1	93.72	-0.727	-0.04	-3.847
cs017	1	68.25	2.487	0.12	8.161
cs018	1	96.66	-2.880	-0.78	-75.360
cs019	1	-185.20	-0.095	-0.09	16.098
cs020	1	-187.84	-1.106	-0.06	11.075
cs021	1	296.20	1.272	0.37	108.255
cs022	1	-58.90	2.762	0.52	-30.729
cs026	1	274.01	-1.478	-0.08	-20.973
cs027	1	-137.53	0.718	-0.20	27.155
cs028	1	101.84	0.341	1.06	107.710
cs030	1	62.06	-2.457	0.00	0.262
cs032	1	-238.15	-2.387	-0.66	156.472
cs033	1	131.30	-0.092	-0.31	-41.280
cs034	1	272.88	-0.527	0.22	59.228
cs035	1	31.24	1.147	-0.62	-19.508
cs037	1	-263.61	-0.619	0.34	-90.195
cs038	1	-57.13	0.570	0.60	-34.213
cs039	1	-37.42	0.607	-0.23	8.634
cs040	1	-199.84	-2.590	-0.67	134.634
cs041	1	116.35	0.645	-0.37	-42.604
cs042	1	-254.05	0.857	-0.75	190.209
cs043	1	-12.94	3.079	0.39	-5.008
cs044	1	-163.68	0.206	-0.30	49.271
cs045	1	497.23	-2.318	-0.14	-71.988
cs046	1	25.24	4.203	0.73	18.355
cs048	1	220.94	-3.132	0.43	93.919
cs049	1	-256.38	-1.010	-0.64	163.702
cs051	1	26.19	0.615	-0.25	-6.600
cs052	1	20.38	-0.160	0.23	4.673
cs053	1	-128.47	-2.572	-0.33	42.402
cs054	1	-60.85	2.757	0.85	-51.767
cs055	1	327.71	0.850	-0.42	-136.537
cs056	1	-186.83	2.289	-0.24	44.738
cs057	1	-10.94	-2.104	-0.39	4.218
cs058	1	9.43	1.071	1.16	10.979
cs059	1	-167.96	2.922	0.59	-99.332
cs060	1	-61.03	3.393	-0.02	1.356
cs061	1	-210.73	0.835	0.47	-99.155
cs062	1	-12.51	-1.098	0.16	-1.946
cs063	1	-87.25	-0.494	-0.20	17.585
cs064	1	-105.18	-0.159	-0.08	7.966
cs065	1	245.02	0.008	0.38	94.023
cs066	1	196.28	0.839	-0.02	-4.008
cs068	1	498.89	-0.340	-0.73	-363.606
cs069	1	-170.44	-0.540	0.01	-1.541
cs071	1	204.88	0.293	-0.21	-42.434
cs072	1	-170.66	2.998	0.17	-28.770
cs073	1	44.09	-2.017	-0.14	-6.319
cs075	1	90.43	-1.271	-0.42	-38.301
cs076	1	-109.55	-0.887	0.12	-13.397
cs077	1	298.93	-1.975	-0.06	-19.418
cs078	1	99.96	-3.855	-0.67	-66.909
cs079	1	197.21	0.074	0.62	122.903
cs080	1	-84.78	1.796	0.08	-6.627
cs081	1	3.37	-0.238	-0.71	-2.385
cs082	1	-107.86	0.858	0.13	-14.145
cs083	1	-98.42	3.003	0.38	-36.909
cs084	1	145.80	-2.178	0.26	38.342
cs085	1	261.42	3.311	1.52	397.115
cs087	1	26.47	0.134	0.00	-0.009
cs088	1	-12.06	-0.706	-0.14	1.651
cs089	1	79.35	-1.698	-0.37	-29.383
cs090	1	-62.93	3.558	0.05	-3.095
cs092	1	98.42	2.888	-0.10	-10.318
cs093	1	-269.54	3.199	0.45	-121.955
cs094	1	-6.28	1.583	0.05	-0.284
cs095	1	-74.44	1.272	-0.06	4.684
cs096	1	25.03	1.720	0.20	4.974
cs097	1	-436.11	-1.580	-0.63	274.227
cs098	1	323.71	0.256	1.03	333.103
cs099	1	-136.92	3.951	1.02	-139.660
cs100	1	-153.82	0.042	0.00	0.729
cs101	1	-149.17	0.468	0.24	-36.226
cs102	1	-78.14	0.148	-0.36	28.502
cs103	1	-70.35	-2.070	0.05	-3.416
cs104	1	188.83	0.855	0.32	60.615
cs105	1	265.90	1.083	0.71	187.709
cs106	1	-331.68	0.344	0.61	-203.287
cs107	1	165.12	-1.742	0.07	11.902
cs108	1	-70.16	-1.480	-0.21	14.499
cs109	1	-127.23	-2.713	-0.38	48.635
cs110	1	-158.72	-1.458	-0.32	50.591
cs111	1	-200.02	-5.833	-2.33	466.303
cs112	1	2.36	0.413	2.36	5.562
cs113	1	36.95	2.651	-0.17	-6.446
cs114	1	-28.60	-1.721	3.32	-95.002
cs115	1	453.31	-2.112	0.05	20.407
cs116	1	-253.05	-0.006	-0.44	111.344
cs117	1	85.72	-1.989	-0.29	-24.558
cs118	1	-206.26	0.798	-0.33	67.538
cs119	1	291.16	-0.583	-0.34	-99.266
cs120	1	232.52	0.857	0.62	145.116
cs121	1	-166.45	1.471	0.80	-132.363
cs122	1	-9.39	-0.959	-0.24	2.238
cs123	1	60.49	-0.911	-0.60	-36.110
cs124	1	-327.53	-1.933	-0.10	32.105
cs125	1	61.72	-0.586	-2.88	-177.573
cs126	1	-223.22	-0.263	-0.36	80.870
cs127	1	40.19	-1.245	0.42	16.685
cs128	1	200.50	-0.449	0.26	52.267
cs130	1	295.78	-1.597	-0.20	-59.879
cs131	1	-106.65	-3.135	-0.78	83.255
cs132	1	-214.20	0.561	0.00	0.521
cs133	1	-52.04	-1.676	-0.37	19.298
cs136	1	167.23	3.025	-0.06	-10.859
cs137	1	-269.03	-0.031	-0.33	89.021
cs138	1	-134.14	1.802	-0.70	94.055
cs139	1	48.92	0.813	0.08	3.971
cs142	1	292.68	-2.293	0.03	8.294
cs143	1	-65.89	1.566	-0.09	6.007
cs144	1	-88.72	-2.308	-0.32	28.765
cs145	1	-118.54	-3.123	-0.42	50.278
cs146	1	216.50	0.840	0.03	7.144
cs147	1	239.36	0.436	0.01	3.329
cs150	1	-318.59	1.613	0.57	-180.835
cs151	1	70.46	-2.148	-0.41	-29.123
cs152	1	-212.95	-1.453	-0.04	7.847
cs153	1	-76.40	1.722	0.09	-6.971
cs154	1	9.14	0.237	-0.34	-3.064
