cs001	1	217.98	-0.053	-0.28	-60.49
cs002	1	158.16	0.369	0.13	19.93
cs004	1	25.23	1.300	-0.55	-13.84
cs005	1	192.52	4.098	-0.14	-27.18
cs006	1	-393.11	2.672	0.09	-33.86
cs007	1	-99.16	-0.011	0.50	-49.56
cs008	1	272.43	1.087	0.04	12.04
cs009	1	184.87	-2.221	-0.08	-14.68
cs010	1	27.02	0.032	-0.11	-3.02
cs011	1	111.42	-0.709	-0.12	-13.45
cs012	1	-51.80	-1.734	-0.32	16.67
cs013	1	301.03	1.812	1.04	312.47
cs014	1	3.94	-2.625	-0.02	-0.08
cs015	1	-73.11	-0.727	-0.04	3.00
cs017	1	-377.08	2.487	0.12	-45.09
cs018	1	196.87	-2.880	-0.78	-153.49
cs019	1	-349.50	-0.095	-0.09	30.38
cs020	1	34.84	-1.106	-0.06	-2.05
cs021	1	217.27	1.272	0.37	79.41
cs022	1	-298.31	2.762	0.52	-155.64
cs026	1	-106.77	-1.478	-0.08	8.17
cs027	1	78.42	0.718	-0.20	-15.48
cs028	1	-88.51	0.341	1.06	-93.61
cs030	1	-20.60	-2.457	0.00	-0.09
cs032	1	108.02	-2.387	-0.66	-70.97
cs033	1	56.82	-0.092	-0.31	-17.86
cs034	1	288.65	-0.527	0.22	62.65
cs035	1	356.14	1.147	-0.62	-222.37
cs037	1	-106.70	-0.619	0.34	-36.51
cs038	1	-237.38	0.570	0.60	-142.17
cs039	1	-15.86	0.607	-0.23	3.66
cs040	1	196.59	-2.590	-0.67	-132.45
cs041	1	432.49	0.645	-0.37	-158.37
cs042	1	-473.04	0.857	-0.75	354.17
cs043	1	68.80	3.079	0.39	26.63
cs044	1	51.62	0.206	-0.30	-15.54
cs045	1	-76.69	-2.318	-0.14	11.10
cs046	1	-256.46	4.203	0.73	-186.48
cs048	1	-67.26	-3.132	0.43	-28.59
cs049	1	142.21	-1.010	-0.64	-90.80
cs051	1	1.48	0.615	-0.25	-0.37
cs052	1	-175.43	-0.160	0.23	-40.23
cs053	1	-56.37	-2.572	-0.33	18.60
cs054	1	-225.99	2.757	0.85	-192.26
cs055	1	-35.94	0.850	-0.42	14.97
cs056	1	129.85	2.289	-0.24	-31.09
cs057	1	53.53	-2.104	-0.39	-20.65
cs058	1	44.43	1.071	1.16	51.75
cs059	1	-408.01	2.922	0.59	-241.29
cs060	1	14.53	3.393	-0.02	-0.32
cs061	1	218.28	0.835	0.47	102.71
cs062	1	-48.16	-1.098	0.16	-7.49
cs063	1	36.35	-0.494	-0.20	-7.33
cs064	1	29.60	-0.159	-0.08	-2.24
cs065	1	-295.39	0.008	0.38	-113.35
cs066	1	-274.22	0.839	-0.02	5.60
cs068	1	279.35	-0.340	-0.73	-203.60
cs069	1	230.91	-0.540	0.01	2.09
cs071	1	-290.70	0.293	-0.21	60.21
cs072	1	-470.74	2.998	0.17	-79.36
cs073	1	15.99	-2.017	-0.14	-2.29
cs075	1	57.97	-1.271	-0.42	-24.55
cs076	1	-142.23	-0.887	0.12	-17.39
cs077	1	133.50	-1.975	-0.06	-8.67
cs078	1	184.24	-3.855	-0.67	-123.32
cs079	1	18.63	0.074	0.62	11.61
cs080	1	-46.99	1.796	0.08	-3.67
cs081	1	-550.44	-0.238	-0.71	389.57
cs082	1	-219.55	0.858	0.13	-28.79
cs083	1	285.93	3.003	0.38	107.23
cs084	1	-120.38	-2.178	0.26	-31.66
cs085	1	90.78	3.311	1.52	137.91
cs087	1	-120.90	0.134	0.00	0.04
cs088	1	110.29	-0.706	-0.14	-15.10
cs089	1	-69.82	-1.698	-0.37	25.85
cs090	1	27.32	3.558	0.05	1.34
cs092	1	153.04	2.888	-0.10	-16.04
cs093	1	211.26	3.199	0.45	95.58
cs094	1	116.04	1.583	0.05	5.24
cs095	1	-92.98	1.272	-0.06	5.85
cs096	1	-185.04	1.720	0.20	-36.77
cs097	1	96.72	-1.580	-0.63	-60.82
cs098	1	-177.30	0.256	1.03	-182.45
cs099	1	179.22	3.951	1.02	182.81
cs100	1	-216.10	0.042	0.00	1.02
cs101	1	-119.44	0.468	0.24	-29.01
cs102	1	304.84	0.148	-0.36	-111.20
cs103	1	182.95	-2.070	0.05	8.88
cs104	1	190.92	0.855	0.32	61.29
cs105	1	276.64	1.083	0.71	195.29
cs106	1	164.43	0.344	0.61	100.78
cs107	1	159.03	-1.742	0.07	11.46
cs108	1	9.71	-1.480	-0.21	-2.01
cs109	1	-81.63	-2.713	-0.38	31.21
cs110	1	-202.41	-1.458	-0.32	64.52
cs111	1	-183.48	-5.833	-2.33	427.73
cs112	1	-488.67	0.413	2.36	-1153.55
cs113	1	118.85	2.651	-0.17	-20.73
cs114	1	133.30	-1.721	3.32	442.73
cs115	1	-86.57	-2.112	0.05	-3.90
cs116	1	-250.81	-0.006	-0.44	110.36
cs117	1	-99.52	-1.989	-0.29	28.51
cs118	1	-81.94	0.798	-0.33	26.83
cs119	1	146.35	-0.583	-0.34	-49.90
cs120	1	-46.25	0.857	0.62	-28.86
cs121	1	257.09	1.471	0.80	204.43
cs122	1	-30.42	-0.959	-0.24	7.25
cs123	1	-57.91	-0.911	-0.60	34.57
cs124	1	283.22	-1.933	-0.10	-27.76
cs125	1	302.52	-0.586	-2.88	-870.42
cs126	1	-215.06	-0.263	-0.36	77.91
cs127	1	4.07	-1.245	0.42	1.69
cs128	1	-36.39	-0.449	0.26	-9.49
cs130	1	-86.07	-1.597	-0.20	17.42
cs131	1	-152.34	-3.135	-0.78	118.93
cs132	1	107.73	0.561	0.00	-0.26
cs133	1	-284.65	-1.676	-0.37	105.55
cs136	1	232.26	3.025	-0.06	-15.08
cs137	1	-21.19	-0.031	-0.33	7.01
cs138	1	60.25	1.802	-0.70	-42.25
cs139	1	302.71	0.813	0.08	24.58
cs142	1	-24.43	-2.293	0.03	-0.69
cs143	1	42.38	1.566	-0.09	-3.86
cs144	1	101.44	-2.308	-0.32	-32.89
cs145	1	194.47	-3.123	-0.42	-82.49
cs146	1	245.49	0.840	0.03	8.10
cs147	1	95.34	0.436	0.01	1.33
cs150	1	-4.70	1.613	0.57	-2.67
cs151	1	-274.38	-2.148	-0.41	113.41
cs152	1	8.84	-1.453	-0.04	-0.33
cs153	1	59.62	1.722	0.09	5.44
cs154	1	-284.52	0.237	-0.34	95.42
